#Layer_Color=32768
#
#Feature symbol names
#
$0 r2.3622
$1 r3.937
$2 r7.874
$3 r10
$4 r1.9685

#
#Feature attribute names
#

#
#Layer features
#
A 0.5322835 1.444882 0.5322835 1.444882 0.4822835 1.444882 0 P 0 N
L 0.0669291 -0.0787402 0.0669291 0.4645669 2 P 0
L 0.0669291 -0.0787402 0.2598425 -0.0787402 2 P 0
L 0.0669291 0.4645669 0.2598425 0.4645669 2 P 0
L 0.1023622 0.7106299 0.1023622 1.3051181 2 P 0
L 0.1023622 0.7106299 0.1968504 0.7106299 2 P 0
L 0.1023622 1.3051181 0.1968504 1.3051181 2 P 0
L 0.1062992 0.5403543 0.1062992 0.5816929 1 P 0
L 0.1062992 0.5403543 0.2086614 0.5403543 1 P 0
L 0.1062992 0.5816929 0.2086614 0.5816929 1 P 0
L 0.1968504 0.7106299 0.1968504 1.3051181 2 P 0
L 0.2086614 0.5403543 0.2086614 0.5816929 1 P 0
L 0.2253937 0.5364174 0.2253937 0.625 1 P 0
L 0.2253937 0.5364174 0.2667323 0.5364174 1 P 0
L 0.2253937 0.625 0.2667323 0.625 1 P 0
L 0.2312993 0.7352362 0.2312993 0.7765748 2 P 0
L 0.2312993 0.7352362 0.3198819 0.7352362 2 P 0
L 0.2312993 0.7765748 0.3198819 0.7765748 2 P 0
L 0.2598425 -0.0787402 0.2598425 0.4645669 2 P 0
L 0.2667323 0.5364174 0.2667323 0.625 1 P 0
L 0.2952756 1.0129921 0.2952756 1.2074803 2 P 0
L 0.2952756 1.0129921 0.3897638 1.0129921 2 P 0
L 0.2952756 1.2074803 0.3897638 1.2074803 2 P 0
L 0.3198819 0.7352362 0.3198819 0.7765748 2 P 0
L 0.3897638 1.0129921 0.3897638 1.2074803 2 P 0
L 0.4074804 1.8897639 0.4074804 1.925197 2 P 0
L 0.4074804 1.8897639 0.4783466 1.8897639 2 P 0
L 0.4074804 1.925197 0.4783466 1.925197 2 P 0
L 0.4094489 1.8129923 0.4094489 1.8444883 2 P 0
L 0.4094489 1.8129923 0.4763781 1.8129923 2 P 0
L 0.4094489 1.8444883 0.4763781 1.8444883 2 P 0
L 0.4094489 1.8523624 0.4094489 1.8838584 2 P 0
L 0.4094489 1.8523624 0.4763781 1.8523624 2 P 0
L 0.4094489 1.8838584 0.4763781 1.8838584 2 P 0
L 0.4124017 0.2431105 0.4124017 0.3316931 2 P 0
L 0.4124017 0.2431105 0.4537403 0.2431105 2 P 0
L 0.4124017 0.3316931 0.4537403 0.3316931 2 P 0
L 0.4222442 1.7057088 0.4222442 1.7942914 2 P 0
L 0.4222442 1.7057088 0.4635828 1.7057088 2 P 0
L 0.4222442 1.7942914 0.4635828 1.7942914 2 P 0
L 0.4320867 1.9074805 0.4537403 1.9074805 2 P 0
L 0.4385828 1.8287403 0.4472442 1.8287403 2 P 0
L 0.4385828 1.8681104 0.4472442 1.8681104 2 P 0
L 0.4429135 1.8244096 0.4429135 1.833071 2 P 0
L 0.4429135 1.8637797 0.4429135 1.8724411 2 P 0
L 0.4429135 1.8966537 0.4429135 1.9183072 2 P 0
L 0.4537403 0.2431105 0.4537403 0.3316931 2 P 0
L 0.4625986 0.2116144 0.4625986 0.3631892 2 P 0
L 0.4625986 0.2116144 0.6003939 0.2116144 2 P 0
L 0.4625986 0.3631892 0.6003939 0.3631892 2 P 0
L 0.4635828 1.7057088 0.4635828 1.7942914 2 P 0
L 0.4714568 1.6250002 0.4714568 1.6978348 2 P 0
L 0.4714568 1.6250002 0.6112206 1.6250002 2 P 0
L 0.4714568 1.6978348 0.6112206 1.6978348 2 P 0
L 0.4744096 1.5374017 0.4744096 1.6082679 2 P 0
L 0.4744096 1.5374017 0.5098427 1.5374017 2 P 0
L 0.4744096 1.6082679 0.5098427 1.6082679 2 P 0
L 0.4763781 1.706693 0.4763781 1.7736222 2 P 0
L 0.4763781 1.706693 0.5078741 1.706693 2 P 0
L 0.4763781 1.7736222 0.5078741 1.7736222 2 P 0
L 0.4763781 1.8129923 0.4763781 1.8444883 2 P 0
L 0.4763781 1.8523624 0.4763781 1.8838584 2 P 0
L 0.4783466 1.8897639 0.4783466 1.925197 2 P 0
L 0.4812994 1.5728348 0.5029529 1.5728348 2 P 0
L 0.4872049 0.3750003 0.4872049 0.4163389 2 P 0
L 0.4872049 0.3750003 0.5757875 0.3750003 2 P 0
L 0.4872049 0.4163389 0.5757875 0.4163389 2 P 0
L 0.4877954 1.7401576 0.4964568 1.7401576 2 P 0
L 0.4921261 1.562008 0.4921261 1.5836616 2 P 0
L 0.4921261 1.7358269 0.4921261 1.7444883 2 P 0
L 0.5078741 1.706693 0.5078741 1.7736222 2 P 0
L 0.5098427 1.5374017 0.5098427 1.6082679 2 P 0
L 0.5108268 0.9950788 0.5108268 1.0836614 2 P 0
L 0.5108268 0.9950788 0.5521654 0.9950788 2 P 0
L 0.5108268 1.0836614 0.5521654 1.0836614 2 P 0
L 0.5118112 0.2874018 0.5511813 0.2874018 2 P 0
L 0.5157481 1.706693 0.5157481 1.7736222 2 P 0
L 0.5157481 1.706693 0.5472441 1.706693 2 P 0
L 0.5157481 1.7736222 0.5472441 1.7736222 2 P 0
L 0.5228741 0.0511815 0.5228741 0.1889768 2 P 0
L 0.5228741 0.0511815 0.6744489 0.0511815 2 P 0
L 0.5228741 0.1889768 0.6744489 0.1889768 2 P 0
L 0.5236221 1.4881891 0.5236221 1.5590553 2 P 0
L 0.5236221 1.4881891 0.5590552 1.4881891 2 P 0
L 0.5236221 1.5590553 0.5590552 1.5590553 2 P 0
L 0.5271654 1.7401576 0.5358268 1.7401576 2 P 0
L 0.5305119 1.5236222 0.5521654 1.5236222 2 P 0
L 0.5314961 1.7358269 0.5314961 1.7444883 2 P 0
L 0.5314962 0.2677168 0.5314962 0.3070868 2 P 0
L 0.5413387 1.5127954 0.5413387 1.534449 2 P 0
L 0.5472441 1.706693 0.5472441 1.7736222 2 P 0
L 0.5521654 0.9950788 0.5521654 1.0836614 2 P 0
L 0.5590552 1.4881891 0.5590552 1.5590553 2 P 0
L 0.5620079 0.9950788 0.5620079 1.0836614 1 P 0
L 0.5620079 0.9950788 0.6033465 0.9950788 1 P 0
L 0.5620079 1.0836614 0.6033465 1.0836614 1 P 0
L 0.5757875 0.3750003 0.5757875 0.4163389 2 P 0
L 0.5789765 0.1200791 0.6183465 0.1200791 2 P 0
L 0.5797245 1.4694884 0.5797245 1.558071 2 P 0
L 0.5797245 1.4694884 0.6210631 1.4694884 2 P 0
L 0.5797245 1.558071 0.6210631 1.558071 2 P 0
L 0.5866142 1.9940945 0.5866142 2.0255905 2 P 0
L 0.5866142 1.9940945 0.6535434 1.9940945 2 P 0
L 0.5866142 2.0255905 0.6535434 2.0255905 2 P 0
L 0.5866142 2.0334646 0.5866142 2.0649606 2 P 0
L 0.5866142 2.0334646 0.6535434 2.0334646 2 P 0
L 0.5866142 2.0649606 0.6535434 2.0649606 2 P 0
L 0.5866142 2.2263781 0.5866142 2.2578741 2 P 0
L 0.5866142 2.2263781 0.6535434 2.2263781 2 P 0
L 0.5866142 2.2578741 0.6535434 2.2578741 2 P 0
L 0.5925197 1.7519686 0.5925197 1.9055119 4 P 0
L 0.5925197 1.7519686 0.746063 1.7519686 4 P 0
L 0.5925197 1.9055119 0.746063 1.9055119 4 P 0
L 0.5986615 0.1003941 0.5986615 0.1397642 2 P 0
L 0.6003939 0.2116144 0.6003939 0.3631892 2 P 0
L 0.6033465 0.9950788 0.6033465 1.0836614 1 P 0
L 0.6043308 1.5748033 0.6043308 1.6102364 2 P 0
L 0.6043308 1.5748033 0.675197 1.5748033 2 P 0
L 0.6043308 1.6102364 0.675197 1.6102364 2 P 0
L 0.6112206 1.6250002 0.6112206 1.6978348 2 P 0
L 0.613189 0.9950788 0.613189 1.0836614 1 P 0
L 0.613189 0.9950788 0.6545276 0.9950788 1 P 0
L 0.613189 1.0836614 0.6545276 1.0836614 1 P 0
L 0.6157481 2.0098425 0.6244095 2.0098425 2 P 0
L 0.6157481 2.0492126 0.6244095 2.0492126 2 P 0
L 0.6157481 2.2421261 0.6244095 2.2421261 2 P 0
L 0.6190946 0.213583 0.6190946 0.3021656 2 P 0
L 0.6190946 0.213583 0.6604332 0.213583 2 P 0
L 0.6190946 0.3021656 0.6604332 0.3021656 2 P 0
L 0.6190946 0.3120082 0.6190946 0.4005908 2 P 0
L 0.6190946 0.3120082 0.6604332 0.3120082 2 P 0
L 0.6190946 0.4005908 0.6604332 0.4005908 2 P 0
L 0.6200788 2.0055118 0.6200788 2.0141732 2 P 0
L 0.6200788 2.0448819 0.6200788 2.0535433 2 P 0
L 0.6200788 2.2377954 0.6200788 2.2464568 2 P 0
L 0.6210631 1.4694884 0.6210631 1.558071 2 P 0
L 0.6289371 1.5925198 0.6505907 1.5925198 2 P 0
L 0.6387796 2.1269687 0.6387796 2.1998033 2 P 0
L 0.6387796 2.1269687 0.7785434 2.1269687 2 P 0
L 0.6387796 2.1998033 0.7785434 2.1998033 2 P 0
L 0.6397639 1.5816931 0.6397639 1.6033466 2 P 0
L 0.6437009 1.4901576 0.6437009 1.5570868 2 P 0
L 0.6437009 1.4901576 0.6751969 1.4901576 2 P 0
L 0.6437009 1.5570868 0.6751969 1.5570868 2 P 0
L 0.6496063 1.8287403 0.6889764 1.8287403 1 P 0
L 0.6535434 1.9940945 0.6535434 2.0255905 2 P 0
L 0.6535434 2.0334646 0.6535434 2.0649606 2 P 0
L 0.6535434 2.2263781 0.6535434 2.2578741 2 P 0
L 0.6545276 0.9950788 0.6545276 1.0836614 1 P 0
L 0.6551182 1.5236222 0.6637796 1.5236222 2 P 0
L 0.6584646 2.276575 0.6584646 2.3651576 2 P 0
L 0.6584646 2.276575 0.6998032 2.276575 2 P 0
L 0.6584646 2.3651576 0.6998032 2.3651576 2 P 0
L 0.6594489 1.5192915 0.6594489 1.5279529 2 P 0
L 0.6594491 0.5610237 0.6594491 1.0846458 4 P 0
L 0.6594491 0.5610237 1.1830712 0.5610237 4 P 0
L 0.6594491 1.0846458 1.1830712 1.0846458 4 P 0
L 0.6604332 0.213583 0.6604332 0.3021656 2 P 0
L 0.6604332 0.3120082 0.6604332 0.4005908 2 P 0
L 0.6643702 2.2214568 0.6643702 2.2627954 2 P 0
L 0.6643702 2.2214568 0.7529528 2.2214568 2 P 0
L 0.6643702 2.2627954 0.7529528 2.2627954 2 P 0
L 0.6692914 1.8090552 0.6692914 1.8484253 1 P 0
L 0.6732285 2.0314962 0.6732285 2.0984254 2 P 0
L 0.6732285 2.0314962 0.7047245 2.0314962 2 P 0
L 0.6732285 2.0984254 0.7047245 2.0984254 2 P 0
L 0.6744489 0.0511815 0.6744489 0.1889768 2 P 0
L 0.6751969 1.4901576 0.6751969 1.5570868 2 P 0
L 0.675197 1.5748033 0.675197 1.6102364 2 P 0
L 0.675433 0.2145672 0.675433 0.3799215 2 P 0
L 0.675433 0.2145672 0.8171653 0.2145672 2 P 0
L 0.675433 0.3799215 0.8171653 0.3799215 2 P 0
L 0.6846458 2.0649608 0.6933072 2.0649608 2 P 0
L 0.6889765 2.0606301 0.6889765 2.0692915 2 P 0
L 0.6998032 2.276575 0.6998032 2.3651576 2 P 0
L 0.7020079 0.1584648 0.7020079 0.1998034 2 P 0
L 0.7020079 0.1584648 0.7905905 0.1584648 2 P 0
L 0.7020079 0.1998034 0.7905905 0.1998034 2 P 0
L 0.702008 0.0600397 0.702008 0.1013783 2 P 0
L 0.702008 0.0600397 0.7905906 0.0600397 2 P 0
L 0.702008 0.1013783 0.7905906 0.1013783 2 P 0
L 0.702008 0.1092523 0.702008 0.1505909 2 P 0
L 0.702008 0.1092523 0.7905906 0.1092523 2 P 0
L 0.702008 0.1505909 0.7905906 0.1505909 2 P 0
L 0.7037403 0.3946853 0.7037403 0.4360239 2 P 0
L 0.7037403 0.3946853 0.7923229 0.3946853 2 P 0
L 0.7037403 0.4360239 0.7923229 0.4360239 2 P 0
L 0.7037403 0.4438979 0.7037403 0.4852365 2 P 0
L 0.7037403 0.4438979 0.7923229 0.4438979 2 P 0
L 0.7037403 0.4852365 0.7923229 0.4852365 2 P 0
L 0.7047245 2.0314962 0.7047245 2.0984254 2 P 0
L 0.7125985 2.0314962 0.7125985 2.0984254 2 P 0
L 0.7125985 2.0314962 0.7440945 2.0314962 2 P 0
L 0.7125985 2.0984254 0.7440945 2.0984254 2 P 0
L 0.722441 1.3779528 0.722441 1.5511812 2 P 0
L 0.722441 1.3779528 0.9901576 1.3779528 2 P 0
L 0.722441 1.5511812 0.9901576 1.5511812 2 P 0
L 0.7224411 2.2972442 0.7224411 2.3641734 2 P 0
L 0.7224411 2.2972442 0.7539371 2.2972442 2 P 0
L 0.7224411 2.3641734 0.7539371 2.3641734 2 P 0
L 0.7240158 2.0649608 0.7326772 2.0649608 2 P 0
L 0.7266141 0.2972444 0.7659842 0.2972444 2 P 0
L 0.7283465 2.0606301 0.7283465 2.0692915 2 P 0
L 0.7338584 2.3307088 0.7425198 2.3307088 2 P 0
L 0.7381891 2.3263781 0.7381891 2.3350395 2 P 0
L 0.7440945 2.0314962 0.7440945 2.0984254 2 P 0
L 0.746063 1.7519686 0.746063 1.9055119 4 P 0
L 0.7462992 0.2775593 0.7462992 0.3169294 2 P 0
L 0.7529528 2.2214568 0.7529528 2.2627954 2 P 0
L 0.7539371 2.2972442 0.7539371 2.3641734 2 P 0
L 0.7618112 1.6377954 0.7618112 1.7047246 2 P 0
L 0.7618112 1.6377954 0.7933072 1.6377954 2 P 0
L 0.7618112 1.7047246 0.7933072 1.7047246 2 P 0
L 0.7627954 2.2214568 0.7627954 2.2627954 2 P 0
L 0.7627954 2.2214568 0.851378 2.2214568 2 P 0
L 0.7627954 2.2627954 0.851378 2.2627954 2 P 0
L 0.7732285 1.67126 0.7818899 1.67126 2 P 0
L 0.7736221 2.3346458 0.7736221 2.3661418 2 P 0
L 0.7736221 2.3346458 0.8405513 2.3346458 2 P 0
L 0.7736221 2.3661418 0.8405513 2.3661418 2 P 0
L 0.7775592 1.6669293 0.7775592 1.6755907 2 P 0
L 0.7785434 2.1269687 0.7785434 2.1998033 2 P 0
L 0.7905905 0.1584648 0.7905905 0.1998034 2 P 0
L 0.7905906 0.0600397 0.7905906 0.1013783 2 P 0
L 0.7905906 0.1092523 0.7905906 0.1505909 2 P 0
L 0.7923229 0.3946853 0.7923229 0.4360239 2 P 0
L 0.7923229 0.4438979 0.7923229 0.4852365 2 P 0
L 0.7933072 1.6377954 0.7933072 1.7047246 2 P 0
L 0.8011812 1.6377954 0.8011812 1.7047246 2 P 0
L 0.8011812 1.6377954 0.8326772 1.6377954 2 P 0
L 0.8011812 1.7047246 0.8326772 1.7047246 2 P 0
L 0.8011812 1.972441 0.8011812 2.0393702 2 P 0
L 0.8011812 1.972441 0.8326772 1.972441 2 P 0
L 0.8011812 2.0393702 0.8326772 2.0393702 2 P 0
L 0.802756 2.3503938 0.8114174 2.3503938 2 P 0
L 0.8070867 2.3460631 0.8070867 2.3547245 2 P 0
L 0.8125985 1.67126 0.8212599 1.67126 2 P 0
L 0.8125985 2.0059056 0.8212599 2.0059056 2 P 0
L 0.8169292 1.6669293 0.8169292 1.6755907 2 P 0
L 0.8169292 2.0015749 0.8169292 2.0102363 2 P 0
L 0.8171653 0.2145672 0.8171653 0.3799215 2 P 0
L 0.8181497 0.0511814 0.8181497 0.1889767 2 P 0
L 0.8181497 0.0511814 0.9697245 0.0511814 2 P 0
L 0.8181497 0.1889767 0.9697245 0.1889767 2 P 0
L 0.8326772 1.6377954 0.8326772 1.7047246 2 P 0
L 0.8326772 1.972441 0.8326772 2.0393702 2 P 0
L 0.8339371 0.2502757 0.8339371 0.3442048 2 P 0
L 0.8339371 0.2502757 0.9770945 0.2502757 2 P 0
L 0.8339371 0.3442048 0.9770945 0.3442048 2 P 0
L 0.8405513 1.6377954 0.8405513 1.7047246 2 P 0
L 0.8405513 1.6377954 0.8720473 1.6377954 2 P 0
L 0.8405513 1.7047246 0.8720473 1.7047246 2 P 0
L 0.8405513 1.8543308 0.8405513 1.92126 2 P 0
L 0.8405513 1.8543308 0.8720473 1.8543308 2 P 0
L 0.8405513 1.92126 0.8720473 1.92126 2 P 0
L 0.8405513 1.972441 0.8405513 2.0393702 2 P 0
L 0.8405513 1.972441 0.8720473 1.972441 2 P 0
L 0.8405513 2.0393702 0.8720473 2.0393702 2 P 0
L 0.8405513 2.3346458 0.8405513 2.3661418 2 P 0
L 0.851378 2.2214568 0.851378 2.2627954 2 P 0
L 0.8519686 1.67126 0.86063 1.67126 2 P 0
L 0.8519686 1.8877954 0.86063 1.8877954 2 P 0
L 0.8519686 2.0059056 0.86063 2.0059056 2 P 0
L 0.8523623 1.2805118 0.8523623 1.3575118 3 P 0
L 0.8523623 1.2805118 0.9980315 1.2805118 3 P 0
L 0.8523623 1.3575118 0.9980315 1.3575118 3 P 0
L 0.8562993 1.6669293 0.8562993 1.6755907 2 P 0
L 0.8562993 1.8834647 0.8562993 1.8921261 2 P 0
L 0.8562993 2.0015749 0.8562993 2.0102363 2 P 0
L 0.8612206 0.1978349 0.8612206 0.2391735 2 P 0
L 0.8612206 0.1978349 0.9498032 0.1978349 2 P 0
L 0.8612206 0.2391735 0.9498032 0.2391735 2 P 0
L 0.8612206 0.3553151 0.8612206 0.3966537 2 P 0
L 0.8612206 0.3553151 0.9498032 0.3553151 2 P 0
L 0.8612206 0.3966537 0.9498032 0.3966537 2 P 0
L 0.8720473 1.6377954 0.8720473 1.7047246 2 P 0
L 0.8720473 1.8543308 0.8720473 1.92126 2 P 0
L 0.8720473 1.972441 0.8720473 2.0393702 2 P 0
L 0.8742521 0.1200791 0.9136221 0.1200791 2 P 0
L 0.8779528 1.9704725 0.8779528 2.0413387 2 P 0
L 0.8779528 1.9704725 0.9133859 1.9704725 2 P 0
L 0.8779528 2.0413387 0.9133859 2.0413387 2 P 0
L 0.8799214 1.6377954 0.8799214 1.7047246 2 P 0
L 0.8799214 1.6377954 0.9114174 1.6377954 2 P 0
L 0.8799214 1.7047246 0.9114174 1.7047246 2 P 0
L 0.8818898 1.7933073 0.8818898 1.8248033 2 P 0
L 0.8818898 1.7933073 0.948819 1.7933073 2 P 0
L 0.8818898 1.8248033 0.948819 1.8248033 2 P 0
L 0.8818899 1.7145671 0.8818899 1.7460631 2 P 0
L 0.8818899 1.7145671 0.9488191 1.7145671 2 P 0
L 0.8818899 1.7460631 0.9488191 1.7460631 2 P 0
L 0.88189 1.7539372 0.88189 1.7854332 2 P 0
L 0.88189 1.7539372 0.9488192 1.7539372 2 P 0
L 0.88189 1.7854332 0.9488192 1.7854332 2 P 0
L 0.8848426 2.0059056 0.9064961 2.0059056 2 P 0
L 0.8913387 1.67126 0.9000001 1.67126 2 P 0
L 0.8917323 2.3346458 0.8917323 2.3661418 2 P 0
L 0.8917323 2.3346458 0.9586615 2.3346458 2 P 0
L 0.8917323 2.3661418 0.9586615 2.3661418 2 P 0
L 0.8939371 0.100394 0.8939371 0.1397641 2 P 0
L 0.8956694 1.6669293 0.8956694 1.6755907 2 P 0
L 0.8956694 1.9950788 0.8956694 2.0167324 2 P 0
L 0.9015751 0.8228347 0.9409452 0.8228347 1 P 0
L 0.9110237 1.8090553 0.9196851 1.8090553 2 P 0
L 0.9110238 1.7303151 0.9196852 1.7303151 2 P 0
L 0.9110239 1.7696852 0.9196853 1.7696852 2 P 0
L 0.9114174 1.6377954 0.9114174 1.7047246 2 P 0
L 0.9133859 1.9704725 0.9133859 2.0413387 2 P 0
L 0.9153544 1.8047246 0.9153544 1.813386 2 P 0
L 0.9153545 1.7259844 0.9153545 1.7346458 2 P 0
L 0.9153546 1.7653545 0.9153546 1.7740159 2 P 0
L 0.9173229 1.6358269 0.9173229 1.7066931 2 P 0
L 0.9173229 1.6358269 0.952756 1.6358269 2 P 0
L 0.9173229 1.7066931 0.952756 1.7066931 2 P 0
L 0.9192914 1.8405513 0.9192914 1.8759844 2 P 0
L 0.9192914 1.8405513 0.9901576 1.8405513 2 P 0
L 0.9192914 1.8759844 0.9901576 1.8759844 2 P 0
L 0.9208662 2.3503938 0.9295276 2.3503938 2 P 0
L 0.9212602 0.8031497 0.9212602 0.8425198 1 P 0
L 0.9242126 1.8927167 0.9242126 1.9812993 2 P 0
L 0.9242126 1.8927167 0.9655512 1.8927167 2 P 0
L 0.9242126 1.9812993 0.9655512 1.9812993 2 P 0
L 0.9242127 1.67126 0.9458662 1.67126 2 P 0
L 0.9251969 2.3460631 0.9251969 2.3547245 2 P 0
L 0.9291339 2.0472443 0.9291339 2.0826774 2 P 0
L 0.9291339 2.0472443 1.0000001 2.0472443 2 P 0
L 0.9291339 2.0826774 1.0000001 2.0826774 2 P 0
L 0.9311024 2.0098427 0.9311024 2.0413387 2 P 0
L 0.9311024 2.0098427 0.9980316 2.0098427 2 P 0
L 0.9311024 2.0413387 0.9980316 2.0413387 2 P 0
L 0.9350395 1.6604332 0.9350395 1.6820868 2 P 0
L 0.9438977 1.8582679 0.9655513 1.8582679 2 P 0
L 0.948819 1.7933073 0.948819 1.8248033 2 P 0
L 0.9488191 1.7145671 0.9488191 1.7460631 2 P 0
L 0.9488192 1.7539372 0.9488192 1.7854332 2 P 0
L 0.9498032 0.1978349 0.9498032 0.2391735 2 P 0
L 0.9498032 0.3553151 0.9498032 0.3966537 2 P 0
L 0.952756 1.6358269 0.952756 1.7066931 2 P 0
L 0.9537402 2.0649608 0.9753938 2.0649608 2 P 0
L 0.9547245 1.8474411 0.9547245 1.8690946 2 P 0
L 0.9586615 2.3346458 0.9586615 2.3661418 2 P 0
L 0.9602363 2.0255907 0.9688977 2.0255907 2 P 0
L 0.964567 2.02126 0.964567 2.0299214 2 P 0
L 0.964567 2.0541341 0.964567 2.0757876 2 P 0
L 0.9655512 1.8927167 0.9655512 1.9812993 2 P 0
L 0.9697245 0.0511814 0.9697245 0.1889767 2 P 0
L 0.9770945 0.2502757 0.9770945 0.3442048 2 P 0
L 0.9783466 1.9035434 0.9783466 1.9704726 2 P 0
L 0.9783466 1.9035434 1.0098426 1.9035434 2 P 0
L 0.9783466 1.9704726 1.0098426 1.9704726 2 P 0
L 0.9832678 0.0757877 0.9832678 0.1643703 2 P 0
L 0.9832678 0.0757877 1.0246064 0.0757877 2 P 0
L 0.9832678 0.1643703 1.0246064 0.1643703 2 P 0
L 0.9897639 1.937008 0.9984253 1.937008 2 P 0
L 0.9901576 1.3779528 0.9901576 1.5511812 2 P 0
L 0.9901576 1.8405513 0.9901576 1.8759844 2 P 0
L 0.9931103 0.2529529 0.9931103 0.3415355 2 P 0
L 0.9931103 0.2529529 1.0344489 0.2529529 2 P 0
L 0.9931103 0.3415355 1.0344489 0.3415355 2 P 0
L 0.9940946 1.9326773 0.9940946 1.9413387 2 P 0
L 0.9980315 1.2805118 0.9980315 1.3575118 3 P 0
L 0.9980316 1.8051182 0.9980316 1.8720474 2 P 0
L 0.9980316 1.8051182 1.0295276 1.8051182 2 P 0
L 0.9980316 1.8720474 1.0295276 1.8720474 2 P 0
L 0.9980316 2.0098427 0.9980316 2.0413387 2 P 0
L 1.0000001 2.0472443 1.0000001 2.0826774 2 P 0
L 1.0094489 1.8385828 1.0181103 1.8385828 2 P 0
L 1.0098426 1.9035434 1.0098426 1.9704726 2 P 0
L 1.0137796 1.8342521 1.0137796 1.8429135 2 P 0
L 1.0246063 1.3838583 1.0246063 1.5295275 3 P 0
L 1.0246063 1.3838583 1.1016063 1.3838583 3 P 0
L 1.0246063 1.5295275 1.1016063 1.5295275 3 P 0
L 1.0246064 0.0757877 1.0246064 0.1643703 2 P 0
L 1.0265749 2.0954726 1.0265749 2.2352364 2 P 0
L 1.0265749 2.0954726 1.0994095 2.0954726 2 P 0
L 1.0265749 2.2352364 1.0994095 2.2352364 2 P 0
L 1.0295276 1.8051182 1.0295276 1.8720474 2 P 0
L 1.0324804 0.0757877 1.0324804 0.1643703 2 P 0
L 1.0324804 0.0757877 1.073819 0.0757877 2 P 0
L 1.0324804 0.1643703 1.073819 0.1643703 2 P 0
L 1.0344489 0.2529529 1.0344489 0.3415355 2 P 0
L 1.0452757 1.9704725 1.0452757 2.0413387 2 P 0
L 1.0452757 1.9704725 1.0807088 1.9704725 2 P 0
L 1.0452757 2.0413387 1.0807088 2.0413387 2 P 0
L 1.0492127 2.0492128 1.0492127 2.0807088 2 P 0
L 1.0492127 2.0492128 1.1161419 2.0492128 2 P 0
L 1.0492127 2.0807088 1.1161419 2.0807088 2 P 0
L 1.0492127 2.2460632 1.0492127 2.2775592 2 P 0
L 1.0492127 2.2460632 1.1161419 2.2460632 2 P 0
L 1.0492127 2.2775592 1.1161419 2.2775592 2 P 0
L 1.0511811 0.2283465 1.0511811 0.3700787 2 P 0
L 1.0511811 0.2283465 1.1535433 0.2283465 2 P 0
L 1.0511811 0.3700787 1.1535433 0.3700787 2 P 0
L 1.0521655 2.0059056 1.073819 2.0059056 2 P 0
L 1.0629922 1.9950788 1.0629922 2.0167324 2 P 0
L 1.073819 0.0757877 1.073819 0.1643703 2 P 0
L 1.0783466 2.0649608 1.087008 2.0649608 2 P 0
L 1.0783466 2.2618112 1.087008 2.2618112 2 P 0
L 1.0807088 1.9704725 1.0807088 2.0413387 2 P 0
L 1.0826773 2.0606301 1.0826773 2.0692915 2 P 0
L 1.0826773 2.2574805 1.0826773 2.2661419 2 P 0
L 1.093504 0.4635827 1.093504 0.5049213 1 P 0
L 1.093504 0.4635827 1.1820866 0.4635827 1 P 0
L 1.093504 0.5049213 1.1820866 0.5049213 1 P 0
L 1.093504 0.5108268 1.093504 0.5521654 1 P 0
L 1.093504 0.5108268 1.1820866 0.5108268 1 P 0
L 1.093504 0.5521654 1.1820866 0.5521654 1 P 0
L 1.093504 1.0935039 1.093504 1.1348425 2 P 0
L 1.093504 1.0935039 1.1820866 1.0935039 2 P 0
L 1.093504 1.1348425 1.1820866 1.1348425 2 P 0
L 1.093504 1.148622 1.093504 1.1899606 2 P 0
L 1.093504 1.148622 1.1820866 1.148622 2 P 0
L 1.093504 1.1899606 1.1820866 1.1899606 2 P 0
L 1.0994095 2.0954726 1.0994095 2.2352364 2 P 0
L 1.1016063 1.3838583 1.1016063 1.5295275 3 P 0
L 1.1161419 2.0492128 1.1161419 2.0807088 2 P 0
L 1.1161419 2.1299214 1.1161419 2.1968506 2 P 0
L 1.1161419 2.1299214 1.1476379 2.1299214 2 P 0
L 1.1161419 2.1968506 1.1476379 2.1968506 2 P 0
L 1.1161419 2.2460632 1.1161419 2.2775592 2 P 0
L 1.1275592 2.163386 1.1362206 2.163386 2 P 0
L 1.1318899 2.1590553 1.1318899 2.1677167 2 P 0
L 1.1476379 2.1299214 1.1476379 2.1968506 2 P 0
L 1.1535433 0.2283465 1.1535433 0.3700787 2 P 0
L 1.1653544 0.2214568 1.1653544 0.3730316 2 P 0
L 1.1653544 0.2214568 1.3031497 0.2214568 2 P 0
L 1.1653544 0.3730316 1.3031497 0.3730316 2 P 0
L 1.1820866 0.4635827 1.1820866 0.5049213 1 P 0
L 1.1820866 0.5108268 1.1820866 0.5521654 1 P 0
L 1.1820866 1.0935039 1.1820866 1.1348425 2 P 0
L 1.1820866 1.148622 1.1820866 1.1899606 2 P 0
L 1.1830712 0.5610237 1.1830712 1.0846458 4 P 0
L 1.214567 0.2972442 1.2539371 0.2972442 2 P 0
L 1.2224409 0.6358267 1.2224409 0.8011811 1 P 0
L 1.2224409 0.6358267 1.3169291 0.6358267 1 P 0
L 1.2224409 0.8011811 1.3169291 0.8011811 1 P 0
L 1.234252 0.2775592 1.234252 0.3169292 2 P 0
L 1.2470472 0.8927166 1.2470472 0.9812992 2 P 0
L 1.2470472 0.8927166 1.2883858 0.8927166 2 P 0
L 1.2470472 0.9812992 1.2883858 0.9812992 2 P 0
L 1.2490157 1.0383859 1.2490157 1.1269685 1 P 0
L 1.2490157 1.0383859 1.2903543 1.0383859 1 P 0
L 1.2490157 1.1269685 1.2903543 1.1269685 1 P 0
L 1.2883858 0.8927166 1.2883858 0.9812992 2 P 0
L 1.2903543 1.0383859 1.2903543 1.1269685 1 P 0
L 1.3021653 0.8927166 1.3021653 0.9812992 2 P 0
L 1.3021653 0.8927166 1.3435039 0.8927166 2 P 0
L 1.3021653 0.9812992 1.3435039 0.9812992 2 P 0
L 1.3031497 0.2214568 1.3031497 0.3730316 2 P 0
L 1.3080709 1.0314961 1.3080709 1.1338583 1 P 0
L 1.3080709 1.0314961 1.3494095 1.0314961 1 P 0
L 1.3080709 1.1338583 1.3494095 1.1338583 1 P 0
L 1.3120079 0.2529529 1.3120079 0.3415355 2 P 0
L 1.3120079 0.2529529 1.3533465 0.2529529 2 P 0
L 1.3120079 0.3415355 1.3533465 0.3415355 2 P 0
L 1.3169291 0.6358267 1.3169291 0.8011811 1 P 0
L 1.3336615 0.6486221 1.3336615 0.6899607 1 P 0
L 1.3336615 0.6486221 1.4222441 0.6486221 1 P 0
L 1.3336615 0.6899607 1.4222441 0.6899607 1 P 0
L 1.3336615 0.7470473 1.3336615 0.7883859 1 P 0
L 1.3336615 0.7470473 1.4222441 0.7470473 1 P 0
L 1.3336615 0.7883859 1.4222441 0.7883859 1 P 0
L 1.3435039 0.8927166 1.3435039 0.9812992 2 P 0
L 1.3494095 1.0314961 1.3494095 1.1338583 1 P 0
L 1.3533465 0.2529529 1.3533465 0.3415355 2 P 0
L 1.3582678 0.8858268 1.3582678 0.988189 2 P 0
L 1.3582678 0.8858268 1.5 0.8858268 2 P 0
L 1.3582678 0.988189 1.5 0.988189 2 P 0
L 1.3622049 0.2214569 1.3622049 0.3730317 2 P 0
L 1.3622049 0.2214569 1.5000002 0.2214569 2 P 0
L 1.3622049 0.3730317 1.5000002 0.3730317 2 P 0
L 1.3868111 0.3848427 1.3868111 0.4261813 2 P 0
L 1.3868111 0.3848427 1.4753937 0.3848427 2 P 0
L 1.3868111 0.4261813 1.4753937 0.4261813 2 P 0
L 1.4114175 0.2972443 1.4507876 0.2972443 2 P 0
L 1.4222441 0.6486221 1.4222441 0.6899607 1 P 0
L 1.4222441 0.7470473 1.4222441 0.7883859 1 P 0
L 1.4311025 0.2775593 1.4311025 0.3169293 2 P 0
L 1.4753937 0.3848427 1.4753937 0.4261813 2 P 0
L 1.5 0.8858268 1.5 0.988189 2 P 0
L 1.5000002 0.2214569 1.5000002 0.3730317 2 P 0
L 1.5088583 0.2529529 1.5088583 0.3415355 2 P 0
L 1.5088583 0.2529529 1.5501969 0.2529529 2 P 0
L 1.5088583 0.3415355 1.5501969 0.3415355 2 P 0
L 1.5501969 0.2529529 1.5501969 0.3415355 2 P 0
